247
2 13.8 17
3 12.2 17
2 12.2 20.2
2 13.8 20.2
2 13.8 18.6
2 17 18.6
2 17 20.2
2 21.8 20.2
2 21.8 15.4
2 18.6 15.4
2 18.6 13.8
2 20.2 13.8
2 20.2 12.2
2 18.6 12.2
2 18.6 7.4
3 17 7.4
3 17 5.8
2 21.8 5.8
2 21.8 9
2 23.4 9
2 23.4 10.6
3 21.8 10.6
2 21.8 12.2
2 23.4 12.2
3 23.4 13.8
2 23.4 17
2 25 17
2 25 18.6
2 23.4 18.6
2 23.4 21.8
2 20.2 21.8
2 20.2 23.4
2 18.6 23.4
2 18.6 21.8
3 15.4 21.8
2 15.4 23.4
2 17 23.4
3 17 25
2 10.6 25
3 10.6 21.8
2 10.6 20.2
3 9 20.2
2 9 23.4
2 2.6 23.4
2 2.6 21.8
3 1 21.8
2 1 20.2
2 2.6 20.2
2 2.6 18.6
2 1 18.6
2 1 17
2 2.6 17
2 2.6 15.4
2 1 15.4
2 1 9
3 4.2 9
2 4.2 5.8
3 5.8 5.8
2 5.8 2.6
3 1 2.6
2 1 1
2 7.4 1
2 7.4 4.2
2 9 4.2
2 9 1
3 13.8 1
3 15.4 1
1 15.4 -0.6
1 25 1
1 13.8 4.2
2 1 7.4
2 2.6 7.4
2 2.6 4.2
1 4.2 4.2
1 5.8 7.4
2 4.2 10.6
2 2.6 10.6
1 2.6 13.8
2 1 26.6
2 2.6 26.6
2 2.6 25
2 9 25
2 9 26.6
2 13.8 26.6
3 13.8 31.4
2 15.4 31.4
2 15.4 28.2
3 17 28.2
2 17 26.6
1 15.4 26.6
1 17 29.8
2 12.2 31.4
2 12.2 29.8
2 10.6 29.8
2 10.6 31.4
2 7.4 31.4
2 7.4 29.8
3 1 29.8
2 1 31.4
1 5.8 31.4
2 1 28.2
2 4.2 28.2
2 4.2 26.6
2 7.4 26.6
3 7.4 28.2
3 9 28.2
1 12.2 28.2
1 9 29.8
1 5.8 28.2
2 9 18.6
1 10.6 18.6
2 13.8 21.8
2 13.8 23.4
1 12.2 23.4
2 21.8 25
2 21.8 28.2
2 28.2 28.2
2 28.2 26.6
2 23.4 26.6
2 23.4 25
2 26.6 25
2 26.6 23.4
3 25 23.4
1 21.8 23.4
2 25 20.2
2 28.2 20.2
3 28.2 21.8
3 29.8 21.8
2 29.8 13.8
2 26.6 13.8
2 26.6 10.6
3 29.8 10.6
2 29.8 7.4
3 26.6 7.4
3 26.6 9
1 28.2 9
3 25 9
2 25 15.4
2 26.6 15.4
2 26.6 18.6
2 28.2 18.6
1 28.2 15.4
2 25 7.4
1 23.4 7.4
2 26.6 4.2
2 28.2 4.2
2 28.2 5.8
1 29.8 5.8
2 29.8 12.2
1 28.2 12.2
2 29.8 23.4
2 28.2 23.4
2 28.2 25
2 29.8 25
1 29.8 26.6
1 26.6 21.8
1 15.4 20.2
1 21.8 13.8
2 20.2 10.6
1 20.2 7.4
1 17 4.2
2 15.4 7.4
3 15.4 12.2
3 17 12.2
1 17 9
3 17 17
2 18.6 17
2 18.6 18.6
2 20.2 18.6
1 20.2 17
2 15.4 17
1 15.4 13.8
1 12.2 12.2
1 12.2 15.4
2 13.8 13.8
3 10.6 13.8
2 10.6 17
2 7.4 17
3 7.4 20.2
2 7.4 21.8
2 4.2 21.8
2 4.2 18.6
2 5.8 18.6
2 5.8 17
2 4.2 17
2 4.2 12.2
2 5.8 12.2
2 5.8 9
2 9 9
2 9 12.2
2 10.6 12.2
2 10.6 7.4
2 7.4 7.4
2 7.4 5.8
2 10.6 5.8
2 10.6 2.6
2 12.2 2.6
2 12.2 10.6
2 13.8 10.6
2 13.8 5.8
2 15.4 5.8
2 15.4 2.6
2 18.6 2.6
2 18.6 4.2
2 20.2 4.2
2 20.2 2.6
2 21.8 2.6
2 21.8 4.2
2 23.4 4.2
2 23.4 5.8
2 25 5.8
2 25 2.6
2 26.6 2.6
2 26.6 1
3 28.2 1
2 28.2 2.6
2 29.8 2.6
2 29.8 4.2
2 31.4 4.2
3 31.4 28.2
2 29.8 28.2
2 29.8 29.8
2 28.2 29.8
2 28.2 31.4
3 26.6 31.4
2 26.6 29.8
2 21.8 29.8
2 21.8 31.4
2 20.2 31.4
2 20.2 26.6
2 18.6 26.6
2 18.6 31.4
2 17 31.4
1 17 33
1 23.4 31.4
2 31.4 31.4
1 29.8 31.4
2 31.4 1
1 31.4 2.6
1 5.8 20.2
2 9 13.8
2 9 15.4
2 7.4 15.4
3 7.4 13.8
1 7.4 10.6
2 5.8 13.8
1 5.8 15.4
246
1 0
2 1
3 2
4 3
5 4
6 5
7 6
8 7
9 8
10 9
11 10
12 11
13 12
14 13
15 14
16 15
17 16
18 17
19 18
20 19
21 20
22 21
23 22
24 23
25 24
26 25
27 26
28 27
29 28
30 29
31 30
32 31
33 32
34 33
35 34
36 35
37 36
38 37
39 38
40 39
41 40
42 41
43 42
44 43
45 44
46 45
47 46
48 47
49 48
50 49
51 50
52 51
53 52
54 53
55 54
56 55
57 56
58 57
59 58
60 59
61 60
62 61
63 62
64 63
65 64
66 65
67 66
68 66
69 65
70 59
71 70
72 71
73 72
74 57
75 55
76 75
77 76
78 45
79 78
80 79
81 80
82 81
83 82
84 83
85 84
86 85
87 86
88 87
89 88
90 87
91 84
92 91
93 92
94 93
95 94
96 95
97 96
98 97
99 98
100 97
101 100
102 101
103 102
104 103
105 104
106 105
107 105
108 104
109 41
110 109
111 39
112 111
113 112
114 37
115 114
116 115
117 116
118 117
119 118
120 119
121 120
122 121
123 122
124 122
125 124
126 125
127 126
128 127
129 128
130 129
131 130
132 131
133 132
134 133
135 134
136 134
137 136
138 137
139 138
140 139
141 140
142 136
143 142
144 133
145 144
146 145
147 146
148 131
149 148
150 127
151 150
152 151
153 152
154 153
155 126
156 34
157 24
158 21
159 158
160 16
161 15
162 161
163 162
164 163
165 163
166 165
167 166
168 167
169 168
170 165
171 170
172 162
173 1
174 0
175 174
176 175
177 176
178 177
179 178
180 179
181 180
182 181
183 182
184 183
185 184
186 185
187 186
188 187
189 188
190 189
191 190
192 191
193 192
194 193
195 194
196 195
197 196
198 197
199 198
200 199
201 200
202 201
203 202
204 203
205 204
206 205
207 206
208 207
209 208
210 209
211 210
212 211
213 212
214 213
215 214
216 215
217 216
218 217
219 218
220 219
221 220
222 221
223 222
224 223
225 224
226 225
227 226
228 227
229 228
230 229
231 230
232 231
233 232
234 224
235 219
236 235
237 214
238 237
239 178
240 175
241 240
242 241
243 242
244 243
245 243
246 245
